              precision    recall  f1-score   support

         yes     0.9188    0.9637    0.9407       716
          no     0.9686    0.8396    0.8995       661
          up     0.9595    0.8090    0.8779       733
        down     0.8728    0.9421    0.9061       743
        left     0.9260    0.9363    0.9311       722
       right     0.8107    0.9744    0.8850       703
          on     0.9419    0.8986    0.9197       631
         off     0.8447    0.9180    0.8798       646
        stop     0.9239    0.9583    0.9407       671
          go     0.9301    0.8579    0.8925       760
     unknown     0.8808    0.8677    0.8742      1746
     silence     0.9971    0.9857    0.9914       698

    accuracy                         0.9074      9430
   macro avg     0.9146    0.9126    0.9116      9430
weighted avg     0.9108    0.9074    0.9073      9430
